{
  "nbformat": 4,
  "nbformat_minor": 0,
  "metadata": {
    "colab": {
      "provenance": [],
      "authorship_tag": "ABX9TyPnauj3eafy1h7IrgpPbQvK",
      "include_colab_link": true
    },
    "kernelspec": {
      "name": "python3",
      "display_name": "Python 3"
    },
    "language_info": {
      "name": "python"
    }
  },
  "cells": [
    {
      "cell_type": "markdown",
      "metadata": {
        "id": "view-in-github",
        "colab_type": "text"
      },
      "source": [
        "<a href=\"https://colab.research.google.com/github/greenrobot8888/ds.tutorial3submission/blob/main/tutorialsubmmision3.ipynb\" target=\"_parent\"><img src=\"https://colab.research.google.com/assets/colab-badge.svg\" alt=\"Open In Colab\"/></a>"
      ]
    },
    {
      "cell_type": "code",
      "execution_count": null,
      "metadata": {
        "id": "2pL-aOmfq0v2"
      },
      "outputs": [],
      "source": [
        "import numpy as np"
      ]
    },
    {
      "cell_type": "code",
      "source": [
        "array = np.array([[1,2], [4,5]])"
      ],
      "metadata": {
        "id": "3-74nX9BtePS"
      },
      "execution_count": null,
      "outputs": []
    },
    {
      "cell_type": "code",
      "source": [
        "print(array)"
      ],
      "metadata": {
        "colab": {
          "base_uri": "https://localhost:8080/"
        },
        "id": "py0VXqFAtdTA",
        "outputId": "a664d31e-ab58-4717-d02b-76028c49c09a"
      },
      "execution_count": null,
      "outputs": [
        {
          "output_type": "stream",
          "name": "stdout",
          "text": [
            "[[1 2]\n",
            " [4 5]]\n"
          ]
        }
      ]
    },
    {
      "cell_type": "code",
      "source": [
        "rdarray = np.random.randn(3,4)\n",
        "print(rdarray)"
      ],
      "metadata": {
        "colab": {
          "base_uri": "https://localhost:8080/"
        },
        "id": "ieeGZdJ_5gJ5",
        "outputId": "cf5e0aaf-3deb-40ad-9778-6ea04ce9e41e"
      },
      "execution_count": null,
      "outputs": [
        {
          "output_type": "stream",
          "name": "stdout",
          "text": [
            "[[ 0.05361805 -1.03986729  0.05360195 -0.1485352 ]\n",
            " [ 0.72273097  0.38585394  1.57875565 -0.15829995]\n",
            " [ 0.00757698 -2.08486348  0.23951593 -0.33250468]]\n"
          ]
        }
      ]
    },
    {
      "cell_type": "code",
      "source": [
        "onearray = np.ones([2,2])\n",
        "zeroarray = np.zeros((2,2))\n",
        "print(onearray)\n",
        "print(zeroarray)"
      ],
      "metadata": {
        "colab": {
          "base_uri": "https://localhost:8080/"
        },
        "id": "fGApArKi58O2",
        "outputId": "d2e334b2-282c-4d87-ff36-16a8ab3a8a0d"
      },
      "execution_count": null,
      "outputs": [
        {
          "output_type": "stream",
          "name": "stdout",
          "text": [
            "[[1. 1.]\n",
            " [1. 1.]]\n",
            "[[0. 0.]\n",
            " [0. 0.]]\n"
          ]
        }
      ]
    },
    {
      "cell_type": "code",
      "source": [
        "A = np.random.randn(6,3)\n",
        "print(A)\n",
        "B = np.transpose(A)\n",
        "print(B)"
      ],
      "metadata": {
        "colab": {
          "base_uri": "https://localhost:8080/"
        },
        "id": "FLlC_gZ87c54",
        "outputId": "6ac17a2a-26df-4d1c-9b8d-3ef2c9f2c858"
      },
      "execution_count": null,
      "outputs": [
        {
          "output_type": "stream",
          "name": "stdout",
          "text": [
            "[[ 1.15007259 -0.01079853  1.96896705]\n",
            " [ 1.73822921 -0.42244965 -1.41264149]\n",
            " [ 0.50458331 -0.71942395 -0.71470796]\n",
            " [ 0.03954146  0.29752906  0.04279468]\n",
            " [ 0.49882599  0.37759887 -0.10523206]\n",
            " [-0.86905151 -0.68509201 -0.15191343]]\n",
            "[[ 1.15007259  1.73822921  0.50458331  0.03954146  0.49882599 -0.86905151]\n",
            " [-0.01079853 -0.42244965 -0.71942395  0.29752906  0.37759887 -0.68509201]\n",
            " [ 1.96896705 -1.41264149 -0.71470796  0.04279468 -0.10523206 -0.15191343]]\n"
          ]
        }
      ]
    },
    {
      "cell_type": "code",
      "source": [
        "C = np.random.randn(2,3)\n",
        "D = np.random.randn(3,4)\n",
        "dot_product = np.dot(C,D)\n",
        "print(C, D, dot_product)\n"
      ],
      "metadata": {
        "colab": {
          "base_uri": "https://localhost:8080/"
        },
        "id": "wOTIs8vS7yHa",
        "outputId": "688f45e4-7188-4ad5-81fb-88aee36d4407"
      },
      "execution_count": null,
      "outputs": [
        {
          "output_type": "stream",
          "name": "stdout",
          "text": [
            "[[ 0.9519651   0.15580503  0.49693798]\n",
            " [-0.47019655 -1.17674231 -1.82311644]] [[ 0.25992656  0.84353469  1.75034048  1.83550093]\n",
            " [ 0.9968538   0.66173195  2.02046958  0.89568923]\n",
            " [-0.65829383  1.60536542  1.01191013 -0.64751253]] [[ 0.07562464  1.70388379  2.48391894  1.56511214]\n",
            " [-0.09511031 -4.10208318 -5.0454061  -0.7365509 ]]\n"
          ]
        }
      ]
    }
  ]
}